Activated Nodes: 
Zic-r.b
Erk signaling 
Inhibited Nodes:
Foxa.a
Foxd
Neurog
==================================
Node    log stead state value
Tubb: 0.04472551164974065
Rlbp1: 0.04472551164974065
Celf3.a: 0.04472551164974065
Bco: 0.04472551164974065
Tbx6.a: 0.03162571257956954
Zic-r.a: 0.0
Wnttun5: 0.0
Tp53.b: 0.0
Tp53.a: 0.0
Sox4/11/12: 0.0
Sox1/2/3: 0.0
Pem1: 0.0
Efna.b: 0.0016998033709728745
Snail: -0.012336183703979084
Smyd1: 0.028506498323224657
Otp: 0.028506498323224657
Myl: 0.001045629000031399
Acta1: 0.001045629000031399
Lmx1: 0.027564807144193307
Lefty: 0.001998124586950993
Hes.a: 0.0
Gdf1/3-r: 0.0
Gata.a: 0.0
Wnt5: -5.927165195937477E-4
Prdm1-r.b: 0.028498688133729994
Prdm1-r.a: 0.028498688133729994
Zf266: -0.02971451648368119
Sfrp1/5: -0.05007206229772821
Hand-r: -0.03897623427219919
Fzd4: -0.0500720622977282
Eph.a: -0.0500720622977282
CG.KH2012.C8.686: -0.0500720622977282
Zf249: 0.04056982891579581
Twist-r.c: 0.02734481230686451
Twist-r.a/b: 0.027803774044670396
Pax3/7: 0.038040722724580485
Nog: 0.040569828915795816
Nkx2-1/4: -0.03211380102879094
Msx: 0.03945318122563088
Mnx1: -0.006312538170887149
Mesp: 0.01698015576354158
Jun: 0.02977498304148238
Hhex: 0.027344812306864502
Fos: 0.04604405794433235
Fli/Erg.a: 0.027344812306864502
Elk: 0.040569828915795816
Efna.c: 0.040569828915795816
Dusp1/2/4/5: -0.006719093660781578
Chd: -0.0028788515479540346
Cers.e: 0.027344812306864502
BHLHA15: 0.027344812306864502
Erk signalling: 0.49355327037922414
Dmrt.a: 0.014503760032750102
Six3/6: 0.01521859913924944
Myt1: -0.03016440628203601
Gata.b: -0.026681690243990603
Foxh.a: 0.0038580191633216516
Foxc: -0.001305749008898514
Epib: -0.002211631243160434
Epi1: -0.021195573243029293
Emx: 0.03813432631105127
Dlx.b: 0.024400255625347124
Pax6: 0.001516350889884532
Neurog: -0.4629191424725695
Mrf: 0.004676195046630678
Meis: -2.807596782046413E-4
Id: -0.011490702453405794
Hes.b: 0.002737030146815318
Gsx: 0.0016523602641833532
Foxb: -0.05126756570059613
Ebf3: -0.017786553618380857
Cdx: 0.02823502376134613
Delta.b: 0.002101013047725345
Zic-r.b: 0.4733303243413436
Tfap2-r.b: -0.023423001645511785
Tbx6.b: 0.02038482949284222
Lhx3/4: -0.004873386438129408
Foxd: -0.4703386755158573
Foxa.a: -0.5203641356365156
Fgf9/16/20: -0.04076362930599804
Efna.d: -0.012267460461919559
Alp: -0.029903894487541154
Ctnnb: 0.0
Noto1: 7.514224010776037E-4
Fgl: 7.514224010776037E-4
Brachyury: -0.002603003553223609
Bmp2/4: 0.0
Tbx2/3: 0.0
Otx: 0.011093242305419006
Nodal: 0.041837716816000084
Fgf8/17/18: 0.006164042352392141
Admp: 0.0