Activated Nodes: 
Neurog
Inhibited Nodes:
Foxa.a
Foxd
Zic-r.b
Erk signaling 
==================================
Node    log stead state value
Tubb: -0.0497908994808294
Rlbp1: -0.0497908994808294
Celf3.a: -0.0497908994808294
Bco: -0.0497908994808294
Tbx6.a: -0.03520748266427221
Zic-r.a: 0.0
Wnttun5: 0.0
Tp53.b: 0.0
Tp53.a: 0.0
Sox4/11/12: 0.0
Sox1/2/3: 0.0
Pem1: 0.0
Efna.b: 0.0024924151469966835
Snail: 0.010448807220578421
Smyd1: -0.03123186163392798
Otp: -0.03123186163392798
Myl: -7.870051521702364E-4
Acta1: -7.870051521702364E-4
Lmx1: -0.018572613894176276
Lefty: 7.989690144163119E-4
Hes.a: 0.0
Gdf1/3-r: 0.0
Gata.a: 0.0
Wnt5: -0.041050344825472374
Prdm1-r.b: 0.02893294678122394
Prdm1-r.a: 0.02893294678122394
Zf266: -0.08479341924684272
Sfrp1/5: -0.05025233203400672
Hand-r: -0.040488680541179295
Fzd4: -0.050252332034006704
Eph.a: -0.050252332034006704
CG.KH2012.C8.686: -0.050252332034006704
Zf249: -0.042389874523141816
Twist-r.c: -0.030124193048872788
Twist-r.a/b: -0.041601143288252984
Pax3/7: 0.003858318777886137
Nog: -0.04238987452314182
Nkx2-1/4: -0.08052043549524265
Msx: 0.003152050623076507
Mnx1: -0.07524016639445999
Mesp: -0.03033248117636176
Jun: -0.03133526433131949
Hhex: -0.030124193048872785
Fos: -0.05098376618924513
Fli/Erg.a: -0.030124193048872785
Elk: -0.04238987452314182
Efna.c: -0.04238987452314182
Dusp1/2/4/5: -0.06550793248064456
Chd: -0.08384049468027827
Cers.e: -0.030124193048872785
BHLHA15: -0.030124193048872785
Erk signalling: -0.5156950808268204
Dmrt.a: -0.018147956348300156
Six3/6: -0.025435486881886835
Myt1: -0.03474648284310418
Gata.b: -0.02675182781171268
Foxh.a: 0.003916807068786215
Foxc: -0.02912507199450194
Epib: 0.0062848019861556845
Epi1: 0.026735175082377945
Emx: 0.038303365590622244
Dlx.b: 0.024772062985624482
Pax6: -0.05234133093953466
Neurog: 0.428142037836087
Mrf: -0.0035195940377904297
Meis: 2.7326259073682147E-4
Id: 0.010638669059667236
Hes.b: 8.718432718686675E-4
Gsx: -0.001424629571118272
Foxb: -0.02035559616468604
Ebf3: -0.02309980527325839
Cdx: -0.022756256198444513
Delta.b: -0.0020449099823188367
Zic-r.b: -0.5269373503219583
Tfap2-r.b: 0.024473805466850393
Tbx6.b: -0.019896664127715846
Lhx3/4: -0.08463802832048736
Foxd: -0.4775056242587318
Foxa.a: -0.5222375536903241
Fgf9/16/20: -0.0027802122929392985
Efna.d: 0.02476318912637294
Alp: -0.046289862612275724
Ctnnb: 0.0
Noto1: 0.016789501146820554
Fgl: 0.016789501146820554
Brachyury: -0.05816053804005826
Bmp2/4: 0.0
Tbx2/3: 0.0
Otx: -0.013880516270627249
Nodal: 0.016729206771293383
Fgf8/17/18: -0.02682595342259364
Admp: 0.0