Sox1/2/3: 0.0
Sfrp1/5: -0.04986227324282554
Gsx: -0.002935239813118453
Zf266: -0.08354373153414799
Hes.b: -0.006340243818025712
Id: -0.0609383147290296
Meis: 0.012720598410483352
Mrf: -0.00685553463911863
Neurog: -0.5042942357129597
Pax6: -0.055996070753057126
Dlx.b: 0.024951401067093197
Emx: 0.03804760298137254
Epi1: 0.0864330806295035
Epib: 0.06788032061726106
Foxc: -0.002064563227024382
Foxh.a: 0.003945162909218514
Gata.b: -0.02651025601151777
Sox4/11/12: 0.0
Myt1: -0.08556798639104474
Six3/6: -0.023078677797884355
Prdm1-r.a: 0.029142407703795965
Dmrt.a: -0.018377817261056785
Prdm1-r.b: 0.029142407703795968
Erk_signalling: -0.5316243402235249
Wnt5: -0.040296393872886034
BHLHA15: -0.032071364541423605
Gata.a: 0.5
Cers.e: -0.032071364541423605
Chd: -0.08347790279357946
Dusp1/2/4/5: -0.06615798866024128
Gdf1/3-r: 0.0
Efna.c: -0.0436992515798131
Tp53.a: 0.0
Elk: -0.0436992515798131
Hes.a: 0.0
Tp53.b: 0.0
Lefty: 7.79092473787551E-4
Fli/Erg.a: -0.032071364541423605
Fos: -0.05161334500228467
Lmx1: -0.017539266127558018
Acta1: -0.0015329441475173747
Hhex: -0.032071364541423605
Wnttun5: 0.0
Myl: -0.0015329441475173747
Jun: -0.029246518404203004
Zic-r.a: 0.0
Otp: -0.03035481234136831
Smyd1: -0.03035481234136831
Mesp: -0.030741511605021598
Mnx1: -0.07052589863003936
Tbx6.a: -0.03371305326103396
Msx: 0.00418063569315469
Admp: 0.0
Nkx2-1/4: -0.08124691347686971
Fgf8/17/18: -0.05324614349487105
Bco: -0.04767745715076073
Snail: -0.051417254747722595
Nodal: 0.01631302197303875
Nog: -0.0436992515798131
Otx: 0.01686264844547052
Celf3.a: -0.04767745715076073
Pax3/7: 0.0031607982593203146
Tbx2/3: 0.0
Efna.b: -0.004829941286380762
Bmp2/4: 0.0
Twist-r.a/b: -0.07507800805418034
Brachyury: -0.05855011131317016
Twist-r.c: -0.03207136454142361
Fgl: 0.016901961263870675
Zf249: -0.0436992515798131
Noto1: 0.016901961263870675
Ctnnb: 0.0
Alp: -0.045986598312421856
Efna.d: 0.053977388513387355
Rlbp1: -0.04767745715076073
CG.KH2012.C8.686: -0.04986227324282554
Fgf9/16/20: -0.002326396037719731
Foxa.a: -0.518183943824736
Foxd: -0.48096254032562447
Tubb: -0.04767745715076073
Lhx3/4: -0.08425559560202114
Eph.a: -0.04986227324282554
Tbx6.b: -0.01903913819376978
Tfap2-r.b: 0.08415533976186927
Fzd4: -0.04986227324282554
Zic-r.b: -0.5045707790594042
Hand-r: -0.040485827479346134
Delta.b: -0.09519224201353976
Cdx: -0.028500719760448726
Pem1: 0.0
Ebf3: -0.09994867040205119
Foxb: -0.015190128719362525
