Activated Nodes: 
Inhibited Nodes:
Foxa.a
Foxd
Neurog
Zic-r.b
Erk signaling 
==================================
Node    log stead state value
Tubb: -0.04974815406023351
Rlbp1: -0.04974815406023351
Celf3.a: -0.04974815406023351
Bco: -0.04974815406023351
Tbx6.a: -0.03517725708750418
Zic-r.a: 0.0
Wnttun5: 0.0
Tp53.b: 0.0
Tp53.a: 0.0
Sox4/11/12: 0.0
Sox1/2/3: 0.0
Pem1: 0.0
Efna.b: -0.004850310940878068
Snail: -0.0521003887585937
Smyd1: -0.03166034726945953
Otp: -0.03166034726945953
Myl: -0.0015780218473342655
Acta1: -0.0015780218473342655
Lmx1: -0.01842624714288975
Lefty: 8.171958299204735E-4
Hes.a: 0.0
Gdf1/3-r: 0.0
Gata.a: 0.0
Wnt5: -0.04102843180450287
Prdm1-r.b: 0.028927491773802716
Prdm1-r.a: 0.028927491773802716
Zf266: -0.08452697705198439
Sfrp1/5: -0.049842414080032864
Hand-r: -0.040293473932193666
Fzd4: -0.04984241408003285
Eph.a: -0.04984241408003285
CG.KH2012.C8.686: -0.04984241408003285
Zf249: -0.04072358724628688
Twist-r.c: -0.029016892126938115
Twist-r.a/b: -0.04072930264373059
Pax3/7: 0.004377139778344759
Nog: -0.040723587246286885
Nkx2-1/4: -0.07931664097263255
Msx: 0.0037170271817864205
Mnx1: -0.07028372182619914
Mesp: -0.029528948771514726
Jun: -0.030095607812795213
Hhex: -0.029016892126938112
Fos: -0.05000344275091783
Fli/Erg.a: -0.029016892126938112
Elk: -0.040723587246286885
Efna.c: -0.040723587246286885
Dusp1/2/4/5: -0.06403983368279055
Chd: -0.08287072904894902
Cers.e: -0.029016892126938112
BHLHA15: -0.029016892126938112
Erk signalling: -0.4954238212020887
Dmrt.a: -0.01732910979843925
Six3/6: -0.025296423323001256
Myt1: -0.08641998118268908
Gata.b: -0.02651558792845742
Foxh.a: 0.003916068595384619
Foxc: -0.028421932450609227
Epib: 0.006114368016405459
Epi1: 0.0257727173167213
Emx: 0.03801298764608723
Dlx.b: 0.024767392469743493
Pax6: -0.05413153805722109
Neurog: -0.5031837179713272
Mrf: -0.007057128241238426
Meis: 0.008152686737511851
Id: -0.05101143462938895
Hes.b: -0.0036538559364080753
Gsx: 3.752696219585679E-4
Foxb: -0.017874622220222285
Ebf3: -0.09745198617553608
Cdx: -0.02695197688104542
Delta.b: -0.06100912110693033
Zic-r.b: -0.5264849753116239
Tfap2-r.b: 0.02351177405901095
Tbx6.b: -0.01986208726505992
Lhx3/4: -0.08368645675958658
Foxd: -0.47741559551939516
Foxa.a: -0.5179775613510198
Fgf9/16/20: -0.0035396446661957286
Efna.d: 0.01782764544511715
Alp: -0.04585895763970738
Ctnnb: 0.0
Noto1: 0.01637929262371692
Fgl: 0.01637929262371692
Brachyury: -0.05673953403263168
Bmp2/4: 0.0
Tbx2/3: 0.0
Otx: -0.01325421914711913
Nodal: 0.017110848812285546
Fgf8/17/18: 0.03721963847631682
Admp: 0.0