Activated Nodes: 
Foxa.a
Inhibited Nodes:
Foxd
Neurog
Zic-r.b
Erk signaling 
==================================
Node    log stead state value
Tubb: -0.04778579397443295
Rlbp1: -0.04778579397443295
Celf3.a: -0.04778579397443295
Bco: -0.04778579397443295
Tbx6.a: -0.03378965896370479
Zic-r.a: 0.0
Wnttun5: 0.0
Tp53.b: 0.0
Tp53.a: 0.0
Sox4/11/12: 0.0
Sox1/2/3: 0.0
Pem1: 0.0
Efna.b: -0.007147521537326123
Snail: -0.052685212451519955
Smyd1: -0.03085358959350703
Otp: -0.03085358959350703
Myl: -0.0020559309238515635
Acta1: -0.0020559309238515635
Lmx1: -0.026685126599227966
Lefty: -5.946339344156934E-4
Hes.a: 0.0
Gdf1/3-r: 0.0
Gata.a: 0.0
Wnt5: -0.040011298408510226
Prdm1-r.b: 0.028660849239926282
Prdm1-r.a: 0.028660849239926282
Zf266: -0.027576083377363923
Sfrp1/5: 0.04640554954803865
Hand-r: -5.543263508071371E-4
Fzd4: 0.04640554954803865
Eph.a: 0.04640554954803865
CG.KH2012.C8.686: 0.04640554954803865
Zf249: -0.040677327978961286
Twist-r.c: -0.022015278983200826
Twist-r.a/b: 0.0018865511289752543
Pax3/7: -0.03536405227220814
Nog: -0.04067732797896129
Nkx2-1/4: -0.023472008621353055
Msx: -0.035199538740233155
Mnx1: -0.02978512491508488
Mesp: -0.02330370383455306
Jun: -0.027215201025760846
Hhex: -0.022015278983200822
Fos: -0.042958687858070034
Fli/Erg.a: -0.022015278983200822
Elk: -0.04067732797896129
Efna.c: -0.04067732797896129
Dusp1/2/4/5: 0.004050464315633634
Chd: -0.04014536209055837
Cers.e: -0.022015278983200822
BHLHA15: -0.022015278983200822
Erk signalling: -0.4948610529261544
Dmrt.a: 0.020640180926288366
Six3/6: -0.018853752150535478
Myt1: -0.053039214100610084
Gata.b: 0.029032359272628722
Foxh.a: 0.0038799717757477046
Foxc: 0.005690374617100461
Epib: 0.0060915982898860545
Epi1: 0.025725169007744093
Emx: -0.030070124416662833
Dlx.b: 0.02453909613706161
Pax6: -0.030504333911455017
Neurog: -0.5051349450794204
Mrf: -0.00919440260555208
Meis: 0.012543546774630189
Id: -0.053674668561313324
Hes.b: -0.00800831007239319
Gsx: -0.002660615152351038
Foxb: 0.019918282200932023
Ebf3: -0.09968540889614105
Cdx: -0.032391602024346974
Delta.b: -0.09386730889127898
Zic-r.b: -0.5057173082324733
Tfap2-r.b: 0.023485066258568006
Tbx6.b: -0.020354831656458242
Lhx3/4: -0.039551796435633835
Foxd: -0.47301496151016864
Foxa.a: 0.4822606174221473
Fgf9/16/20: -0.001958058506508129
Efna.d: 0.015339848515925193
Alp: 0.018718779883641526
Ctnnb: 0.0
Noto1: 0.008093461748624462
Fgl: 0.008093461748624462
Brachyury: -0.028036573915465633
Bmp2/4: 0.0
Tbx2/3: 0.0
Otx: 0.015786701360611916
Nodal: -0.012450738217094926
Fgf8/17/18: 0.03509974188104957
Admp: 0.0