Activated Nodes: 
Foxd
Erk signaling 
Inhibited Nodes:
Foxa.a
Neurog
Zic-r.b
==================================
Node    log stead state value
Tubb: -0.04664512631494532
Rlbp1: -0.04664512631494532
Celf3.a: -0.04664512631494532
Bco: -0.04664512631494532
Tbx6.a: -0.0329830851266009
Zic-r.a: 0.0
Wnttun5: 0.0
Tp53.b: 0.0
Tp53.a: 0.0
Sox4/11/12: 0.0
Sox1/2/3: 0.0
Pem1: 0.0
Efna.b: -0.006745318862399571
Snail: -0.04962818858226678
Smyd1: -0.029741741634708715
Otp: -0.029741741634708715
Myl: -0.0013587366186781301
Acta1: -0.0013587366186781301
Lmx1: -0.01915956093656856
Lefty: -5.680680071106645E-4
Hes.a: 0.0
Gdf1/3-r: 0.0
Gata.a: 0.0
Wnt5: -4.0250385542939026E-4
Prdm1-r.b: -0.028237500607274785
Prdm1-r.a: -0.028237500607274785
Zf266: -0.026969934996080965
Sfrp1/5: -0.04576598337636945
Hand-r: -5.677067002016993E-4
Fzd4: -0.04576598337636945
Eph.a: -0.04576598337636945
CG.KH2012.C8.686: -0.04576598337636945
Zf249: -0.038949800906266464
Twist-r.c: -0.033239124528667126
Twist-r.a/b: -0.06954778717285384
Pax3/7: 0.0022192903264310337
Nog: -0.03894980090626647
Nkx2-1/4: -0.022527036799878462
Msx: 2.8361255098603017E-5
Mnx1: -0.02922961417196626
Mesp: -0.022401868295656217
Jun: -0.03141573330999247
Hhex: -0.03323912452866712
Fos: -0.05210848939885284
Fli/Erg.a: -0.03323912452866712
Elk: -0.03894980090626647
Efna.c: -0.03894980090626647
Dusp1/2/4/5: -0.0599031055397886
Chd: -0.03887674977910738
Cers.e: -0.03323912452866712
BHLHA15: -0.03323912452866712
Erk signalling: -0.47384477903042677
Dmrt.a: -0.051654204207616815
Six3/6: -0.021522206752829637
Myt1: -0.05488985913962787
Gata.b: -0.02863001707384028
Foxh.a: -0.0038226608170863333
Foxc: -0.032103418514918464
Epib: 0.0020639669999296113
Epi1: 0.020280663786349854
Emx: 0.029658407807163792
Dlx.b: -0.024176629808546228
Pax6: -0.02693376215333704
Neurog: -0.46645538622675153
Mrf: -0.006076454885765021
Meis: 0.003769323787861335
Id: -0.04749616730372602
Hes.b: -0.0029082752191069454
Gsx: 0.0031834237032030924
Foxb: 0.015955635223905584
Ebf3: -0.05433220456329185
Cdx: -0.026991119300645478
Delta.b: -0.028207036387988195
Zic-r.b: -0.4936456164101599
Tfap2-r.b: 0.022487678038115282
Tbx6.b: -0.019857508238787968
Lhx3/4: -0.038309702324922576
Foxd: 0.4660280702459674
Foxa.a: -0.4756140507973472
Fgf9/16/20: 0.038422610773054006
Efna.d: 0.007819713709855732
Alp: -0.0342429380632394
Ctnnb: 0.0
Noto1: 0.007124199950911217
Fgl: 0.007124199950911217
Brachyury: -0.024678952556515858
Bmp2/4: 0.0
Tbx2/3: 0.0
Otx: -0.03950786568964193
Nodal: -0.011894487745627453
Fgf8/17/18: 0.06000144614178556
Admp: 0.0