Activated Nodes: 
Zic-r.b
Inhibited Nodes:
Foxa.a
Foxd
Neurog
Erk signaling 
==================================
Node    log stead state value
Tubb: 0.04305981885619722
Rlbp1: 0.04305981885619722
Celf3.a: 0.04305981885619722
Bco: 0.04305981885619722
Tbx6.a: 0.030447889909881416
Zic-r.a: 0.0
Wnttun5: 0.0
Tp53.b: 0.0
Tp53.a: 0.0
Sox4/11/12: 0.0
Sox1/2/3: 0.0
Pem1: 0.0
Efna.b: -3.714922776546512E-4
Snail: -0.014188399224202883
Smyd1: 0.030851582037832694
Otp: 0.030851582037832694
Myl: 0.007087156989583055
Acta1: 0.007087156989583055
Lmx1: 0.018771774891616216
Lefty: 8.240689595507676E-4
Hes.a: 0.0
Gdf1/3-r: 0.0
Gata.a: 0.0
Wnt5: -0.001444318050292823
Prdm1-r.b: 0.028707913238525264
Prdm1-r.a: 0.028707913238525264
Zf266: -0.030873340315201177
Sfrp1/5: -0.050074914380931236
Hand-r: -0.040234757143521704
Fzd4: -0.05007491438093122
Eph.a: -0.05007491438093122
CG.KH2012.C8.686: -0.05007491438093122
Zf249: -0.04013030136751388
Twist-r.c: -0.024845168035298973
Twist-r.a/b: -0.005635401400857902
Pax3/7: 0.004713590720030039
Nog: -0.04013030136751389
Nkx2-1/4: -0.07890317862027812
Msx: 0.004060509172371208
Mnx1: -0.03491168830843448
Mesp: -0.020656375945395565
Jun: -0.029675929941560503
Hhex: -0.024845168035298973
Fos: 1.3362748236593613E-5
Fli/Erg.a: -0.024845168035298973
Elk: -0.04013030136751389
Efna.c: -0.04013030136751389
Dusp1/2/4/5: -0.06378471975412109
Chd: -0.04103861444711279
Cers.e: -0.024845168035298973
BHLHA15: -0.024845168035298973
Erk signalling: -0.4882061869757778
Dmrt.a: -0.0173269577559489
Six3/6: 0.009811677977448198
Myt1: -0.056643668523332275
Gata.b: -0.02666698407416589
Foxh.a: 0.003886343079845822
Foxc: -0.028327534553622545
Epib: 0.006038953272194703
Epi1: 0.02541302152050718
Emx: 0.03815637107186864
Dlx.b: 0.024579391802292842
Pax6: -0.025983903047625205
Neurog: -0.4661412895899667
Mrf: 0.03169472959184097
Meis: 0.0035959437229101977
Id: -0.04684568527157744
Hes.b: -0.0010141618990484563
Gsx: -8.705973069656995E-4
Foxb: -0.01975527893973237
Ebf3: -0.054451579058435395
Cdx: 0.02194064489782909
Delta.b: -0.026909578786500653
Zic-r.b: 0.45570228877195007
Tfap2-r.b: 0.023169240297194953
Tbx6.b: 0.018608401588825818
Lhx3/4: -0.041861202939576424
Foxd: -0.473791699676559
Foxa.a: -0.520393775354606
Fgf9/16/20: -0.00365291261352255
Efna.d: -0.013180852133768791
Alp: -0.03745564756589958
Ctnnb: 0.0
Noto1: 0.008324540749088696
Fgl: 0.008324540749088696
Brachyury: -0.02883705505419819
Bmp2/4: 0.0
Tbx2/3: 0.0
Otx: -0.013252573151270944
Nodal: 0.017254761785975885
Fgf8/17/18: 0.03132702722559483
Admp: 0.0